8.7,0.716,30.0,20.3,0.479,2.6,31.7,0.542,3.62,29.4,0.216,6.2,38.4,0.376,1.1,60.4,0.268,0.8,12,62,1.44
10.9,0.424,81.0,11.0,0.104,3.35,33.6,0.542,3.62,33.4,0.871,14.3,36.4,0.384,3.9,50.6,0.745,15.1,16,72,1.37
11.3,1.3,109.1,23.3,0.429,65.8,23.6,0.549,7.4,34.1,0.405,14.3,35.3,0.69,1.6,48.7,0.478,5.3,18,57,1.31
11.5,0.628,9.5,20.7,0.446,2.8,28.2,0.417,0.0,34.1,0.64,14.3,38.6,0.405,9.3,58.2,0.268,8.8,12,62,1.46
12.1,0.823,48.3,15.9,0.232,3.35,24.0,0.356,7.1,39.6,0.174,2.1,38.6,0.69,0.0,58.1,1.145,3.7,12,72,1.47
10.9,0.455,30.0,20.4,0.429,1.4,28.5,0.549,3.3,50.9,0.216,3.5,45.0,0.556,3.5,49.9,0.471,3.5,12,75,1.4
11.3,0.716,109.1,15.9,0.335,1.2,26.9,0.521,6.3,37.6,0.309,14.3,45.0,0.242,17.8,54.4,0.478,8.8,18,73,1.46
11.4,0.823,43.0,20.1,0.355,2.6,23.6,0.417,3.2,50.9,0.871,0.0,39.4,0.242,17.8,48.7,0.855,0.8,18,72,1.46
9.0,0.223,82.7,20.7,0.312,41.3,23.6,0.383,0.0,33.4,0.617,2.1,59.2,0.497,3.9,46.8,0.273,16.7,16,60,1.48
8.6,0.312,86.6,21.9,0.771,3.2,23.6,0.315,1.6,39.3,0.64,2.4,39.4,0.256,4.3,46.9,0.273,15.1,16,82,1.44
10.2,0.312,81.0,24.0,0.305,26.4,36.4,0.315,1.4,38.8,0.281,11.1,59.2,0.304,2.2,48.7,0.788,5.3,16,86,1.44
6.2,1.3,48.3,23.7,0.335,65.8,36.4,0.356,6.2,35.1,0.291,0.0,38.4,0.955,1.3,58.2,0.273,15.1,18,76,1.38
11.2,0.455,86.6,24.4,0.479,26.4,26.9,0.417,0.0,29.4,0.281,0.8,39.4,0.384,4.6,37.9,0.719,4.2,16,77,1.46
9.3,1.3,114.0,21.9,0.335,3.35,31.7,0.346,3.3,47.1,0.293,3.5,48.5,0.338,0.0,37.9,0.631,15.1,16,64,1.48
10.1,0.829,30.0,21.9,0.53,2.8,25.1,0.335,0.0,41.8,0.422,0.8,48.0,0.376,17.8,58.3,1.145,5.1,12,57,1.38
11.3,1.1,47.5,18.4,0.53,26.4,29.2,0.236,26.0,35.1,0.293,14.3,48.5,0.436,0.0,46.8,0.788,4.8,12,81,1.4
10.2,0.424,120.0,23.7,0.312,3.35,36.4,0.346,0.9,25.3,0.453,24.0,36.9,0.955,2.3,50.6,0.788,4.2,12,74,1.48
14.5,0.279,48.3,21.9,0.325,1.4,30.8,0.318,3.3,38.8,0.311,7.22,59.2,0.497,4.6,58.2,0.345,3.5,12,77,1.4
11.3,0.823,43.0,15.9,0.429,2.4,25.1,0.363,7.1,50.9,0.379,2.4,39.4,0.436,4.56,54.4,0.784,12.7,16,77,1.44
11.5,0.312,97.0,11.0,0.446,3.2,33.6,0.542,3.2,50.9,0.309,2.1,48.0,0.69,3.9,60.4,0.625,12.7,16,81,1.44
11.2,0.312,48.3,20.7,0.393,2.3,24.0,0.181,3.62,40.4,0.309,6.2,41.4,0.376,2.2,54.4,0.273,15.1,18,86,1.38
10.1,0.223,30.0,23.3,0.241,1.8,28.9,0.181,6.7,41.8,0.871,13.8,39.1,0.405,9.3,55.1,0.273,3.38,16,87,1.44
8.6,0.558,81.0,20.7,0.543,1.2,23.6,0.383,2.2,25.3,0.64,24.0,44.6,0.227,17.8,67.5,0.253,12.7,16,81,1.45
11.7,0.746,30.0,20.7,0.771,3.4,28.5,0.447,7.1,50.9,0.231,14.3,38.6,0.501,9.3,49.9,0.784,3.8,12,87,1.44
9.3,0.794,81.0,17.8,0.429,41.3,31.7,0.181,1.6,40.4,0.291,0.8,39.4,0.556,4.1,55.4,0.253,3.5,12,75,1.4
11.4,0.558,86.6,18.3,0.479,0.0,28.7,0.598,3.62,47.1,0.422,0.0,41.9,0.497,3.5,53.3,0.654,15.1,12,73,1.47
10.2,1.1,94.0,17.8,0.234,1.3,23.6,0.383,1.6,35.1,0.405,2.4,44.1,0.501,0.0,53.3,0.784,12.7,16,82,1.4
10.2,1.1,82.0,20.1,0.53,5.3,36.4,0.549,3.3,38.1,0.216,0.8,59.9,0.69,4.3,58.2,0.788,2.3,18,73,1.48
12.1,0.256,81.0,18.3,0.241,65.8,23.6,0.356,2.2,37.5,0.216,3.5,48.7,0.405,4.6,48.7,0.253,3.8,16,62,1.47
11.3,0.823,82.7,23.3,0.446,65.8,27.9,0.383,3.62,33.4,0.755,0.0,41.4,0.556,4.3,48.5,0.338,8.8,18,75,1.45
10.5,0.746,97.0,23.2,0.335,1.3,28.2,0.222,1.4,37.5,0.871,0.0,36.9,0.497,0.0,57.1,0.631,15.1,12,87,1.45
9.0,1.1,30.0,21.9,0.429,0.0,28.9,0.296,0.9,41.8,0.216,6.2,45.0,0.436,2.2,60.4,0.788,3.8,16,81,1.5
11.1,0.746,48.3,21.9,0.446,0.0,33.3,0.542,0.0,38.0,0.279,7.22,45.0,0.415,1.1,46.8,0.273,16.7,16,59,1.37
12.1,0.558,109.1,20.3,0.289,1.3,30.8,0.315,3.2,39.3,0.174,13.8,36.4,0.436,2.2,46.8,0.631,6.7,12,72,1.5
10.9,0.746,81.0,23.3,0.312,2.4,27.9,0.417,2.2,34.4,0.257,24.0,45.2,0.304,3.3,60.4,1.07,15.1,18,73,1.48
10.1,0.455,48.3,15.9,0.446,65.8,28.7,0.469,1.6,47.1,0.174,0.0,39.1,0.256,2.3,58.9,0.745,0.8,16,74,1.39
11.7,1.1,120.0,18.4,0.241,65.8,24.0,0.447,0.0,38.0,0.281,11.1,36.9,0.69,1.6,54.4,0.471,0.0,12,59,1.48
11.4,0.628,30.0,20.4,0.234,1.2,32.0,0.447,1.4,38.8,0.422,0.8,38.4,0.497,1.3,58.1,0.625,1.3,16,82,1.46
9.3,0.223,48.3,19.5,0.446,2.8,28.9,0.447,1.4,29.6,0.64,11.1,35.3,0.384,4.56,58.2,0.268,0.8,12,73,1.44
9.0,0.765,120.0,15.9,0.289,26.4,30.8,0.383,2.2,39.3,0.755,0.0,59.9,0.304,9.3,57.1,0.273,8.8,16,60,1.31
11.5,0.558,1.2,18.4,0.325,3.2,28.2,0.181,7.4,38.0,0.488,0.0,48.5,0.501,0.0,59.1,0.654,15.1,16,42,1.46
10.6,0.217,81.0,17.8,0.562,2.4,26.9,0.417,7.1,47.1,0.257,14.3,59.9,0.242,4.6,48.7,0.712,3.5,18,73,1.44
10.9,0.823,80.8,20.1,0.232,1.2,32.0,0.521,2.2,39.6,0.453,0.0,39.4,0.497,1.3,49.9,0.631,6.7,18,87,1.39
6.2,0.557,47.5,23.7,0.562,0.0,23.6,0.356,0.9,38.1,0.871,2.1,39.4,0.256,1.1,46.8,0.478,3.8,16,76,1.47
11.1,1.1,114.0,20.3,0.562,41.3,26.9,0.222,7.4,47.1,0.755,13.8,46.9,0.242,4.6,42.8,0.338,6.7,12,62,1.5
6.2,0.558,48.3,21.4,0.325,1.8,32.0,0.438,7.1,39.6,0.509,14.3,48.7,0.256,4.6,50.6,0.338,5.3,18,81,1.4
10.1,0.604,48.3,20.7,0.393,1.8,26.9,0.363,6.3,34.4,0.871,2.1,39.1,0.376,2.2,60.4,0.268,3.38,16,82,1.52
6.2,0.818,30.0,20.7,0.439,1.2,26.6,0.181,1.4,34.1,0.64,7.4,48.5,0.405,4.1,55.1,0.788,3.8,16,82,1.38
11.4,0.455,43.0,11.0,0.355,2.3,23.6,0.521,6.2,29.4,0.174,11.1,51.7,0.256,3.5,55.4,0.471,4.2,18,81,1.45
9.3,0.604,40.0,20.4,0.232,1.8,30.8,0.417,1.4,40.4,0.379,2.1,36.9,0.384,3.9,55.4,0.157,6.7,18,86,1.5
10.6,0.823,9.5,15.9,0.53,5.3,33.3,0.417,0.9,37.5,0.309,0.0,39.1,0.436,4.6,60.4,0.478,5.3,16,74,1.44